0000  1b 00 50 30 11 88 03 ce ff ff 00 00 00 00 09 00   ..P0............
0010  00 01 00 02 00 01 01 0f 00 00 00 42 01 00 00 00   ...........B....
0020  00 00 00 00 00 00 00 00 00 00                     ..........

0000  1b 00 b0 48 11 88 03 ce ff ff 00 00 00 00 09 00   ...H............
0010  00 01 00 02 00 01 01 0f 00 00 00 0a 04 90 03 00   ................
0020  00 00 00 00 00 00 00 00 00 00                     ..........

0000  1b 00 b0 48 11 88 03 ce ff ff 00 00 00 00 09 00   ...H............
0010  00 01 00 02 00 01 01 0f 00 00 00 0a 04 12 10 00   ................
0020  00 00 00 00 00 00 00 00 00 00                     ..........

0000  1b 00 a0 34 11 88 03 ce ff ff 00 00 00 00 09 00   ...4............
0010  00 01 00 02 00 01 01 0f 00 00 00 0a 04 00 06 00   ................
0020  00 00 00 00 00 00 00 00 00 00                     ..........

0000  1b 00 50 30 11 88 03 ce ff ff 00 00 00 00 09 00   ..P0............
0010  00 01 00 02 00 01 01 04 00 00 00 40 11 55 d5      ...........@.U.

